,player_name,total_matches,total_wins,win_pct,Clay,Grass,Hard,clay_advantage,grass_advantage,hard_advantage
0,Adrian Mannarino,54,28,0.5185185185185185,1.0,4.0,23.0,0.03571428571428571,0.14285714285714285,0.8214285714285714
1,Ainius Sabaliauskas,1,1,1.0,0.0,0.0,1.0,0.0,0.0,1.0
2,Aisam Ul Haq Qureshi,1,1,1.0,0.0,1.0,0.0,0.0,1.0,0.0
3,Ajeet Rai,1,0,0.0,0.0,0.0,0.0,,,
4,Alan Fernando Rubio Fierros,1,0,0.0,0.0,0.0,0.0,,,
5,Alastair Gray,2,1,0.5,0.0,1.0,0.0,0.0,1.0,0.0
6,Albert Ramos,52,25,0.4807692307692308,19.0,0.0,6.0,0.76,0.0,0.24
7,Alejandro Davidovich Fokina,47,21,0.44680851063829785,11.0,3.0,7.0,0.5238095238095238,0.14285714285714285,0.3333333333333333
8,Alejandro Gonzalez,1,0,0.0,0.0,0.0,0.0,,,
9,Alejandro Tabilo,33,17,0.5151515151515151,12.0,1.0,4.0,0.7058823529411765,0.058823529411764705,0.23529411764705882
10,Aleksandar Kovacevic,4,3,0.75,0.0,0.0,3.0,0.0,0.0,1.0
11,Aleksandar Vukic,11,6,0.5454545454545454,0.0,0.0,6.0,0.0,0.0,1.0
12,Aleksandre Bakshi,1,0,0.0,0.0,0.0,0.0,,,
13,Aleksandre Metreveli,3,0,0.0,0.0,0.0,0.0,,,
14,Alessandro Giannessi,1,0,0.0,0.0,0.0,0.0,,,
15,Alex Bolt,3,0,0.0,0.0,0.0,0.0,,,
16,Alex De Minaur,72,47,0.6527777777777778,9.0,7.0,31.0,0.19148936170212766,0.14893617021276595,0.6595744680851063
17,Alex Molcan,46,26,0.5652173913043478,16.0,3.0,7.0,0.6153846153846154,0.11538461538461539,0.2692307692307692
18,Alexandar Lazarov,3,2,0.6666666666666666,1.0,0.0,1.0,0.5,0.0,0.5
19,Alexander Bublik,60,33,0.55,2.0,9.0,22.0,0.06060606060606061,0.2727272727272727,0.6666666666666666
20,Alexander Ritschard,5,2,0.4,1.0,0.0,1.0,0.5,0.0,0.5
21,Alexander Shevchenko,3,0,0.0,0.0,0.0,0.0,,,
22,Alexander Zverev,40,29,0.725,17.0,0.0,12.0,0.5862068965517241,0.0,0.41379310344827586
23,Alexei Popyrin,22,5,0.22727272727272727,0.0,0.0,5.0,0.0,0.0,1.0
24,Alexey Vatutin,1,0,0.0,0.0,0.0,0.0,,,
25,Alexis Galarneau,2,0,0.0,0.0,0.0,0.0,,,
26,Alexis Klegou,1,0,0.0,0.0,0.0,0.0,,,
27,Aljaz Bedene,14,4,0.2857142857142857,4.0,0.0,0.0,1.0,0.0,0.0
28,Altug Celikbilek,5,3,0.6,0.0,0.0,3.0,0.0,0.0,1.0
29,Amr Elsayed Abdou Ahmed Mohamed,2,1,0.5,1.0,0.0,0.0,1.0,0.0,0.0
30,Andrea Vavassori,1,0,0.0,0.0,0.0,0.0,,,
31,Andreas Seppi,7,2,0.2857142857142857,0.0,0.0,2.0,0.0,0.0,1.0
32,Andrej Martin,1,0,0.0,0.0,0.0,0.0,,,
33,Andrej Nedic,1,0,0.0,0.0,0.0,0.0,,,
34,Andres Martin,2,1,0.5,0.0,0.0,1.0,0.0,0.0,1.0
35,Andrey Kuznetsov,1,0,0.0,0.0,0.0,0.0,,,
36,Andrey Rublev,71,51,0.7183098591549296,14.0,0.0,37.0,0.27450980392156865,0.0,0.7254901960784313
37,Andy Murray,46,26,0.5652173913043478,2.0,7.0,17.0,0.07692307692307693,0.2692307692307692,0.6538461538461539
38,Antoine Bellier,6,4,0.6666666666666666,0.0,3.0,1.0,0.0,0.75,0.25
39,Aqeel Khan,2,1,0.5,0.0,1.0,0.0,0.0,1.0,0.0
40,Aristotelis Thanos,2,1,0.5,1.0,0.0,0.0,1.0,0.0,0.0
41,Arjun Kadhe,1,0,0.0,0.0,0.0,0.0,,,
42,Arthur Fils,1,0,0.0,0.0,0.0,0.0,,,
43,Arthur Rinderknech,42,22,0.5238095238095238,0.0,1.0,21.0,0.0,0.045454545454545456,0.9545454545454546
44,Aslan Karatsev,46,17,0.3695652173913043,5.0,1.0,11.0,0.29411764705882354,0.058823529411764705,0.6470588235294118
45,Attila Balazs,2,0,0.0,0.0,0.0,0.0,,,
46,Aziz Dougaz,1,0,0.0,0.0,0.0,0.0,,,
47,Beibit Zhukayev,1,0,0.0,0.0,0.0,0.0,,,
48,Ben Shelton,6,3,0.5,0.0,0.0,3.0,0.0,0.0,1.0
49,Benjamin Bonzi,47,21,0.44680851063829785,1.0,8.0,12.0,0.047619047619047616,0.38095238095238093,0.5714285714285714
50,Benjamin Hassan,2,1,0.5,0.0,0.0,1.0,0.0,0.0,1.0
51,Benoit Paire,26,4,0.15384615384615385,1.0,0.0,3.0,0.25,0.0,0.75
52,Bernabe Zapata Miralles,26,10,0.38461538461538464,7.0,0.0,3.0,0.7,0.0,0.3
53,Bjorn Fratangelo,1,0,0.0,0.0,0.0,0.0,,,
54,Blaise Bicknell,2,1,0.5,1.0,0.0,0.0,1.0,0.0,0.0
55,Blaz Rola,1,0,0.0,0.0,0.0,0.0,,,
56,Bor Artnak,2,1,0.5,1.0,0.0,0.0,1.0,0.0,0.0
57,Borna Coric,33,20,0.6060606060606061,3.0,0.0,17.0,0.15,0.0,0.85
58,Borna Gojo,8,3,0.375,1.0,0.0,2.0,0.3333333333333333,0.0,0.6666666666666666
59,Botic Van De Zandschulp,67,38,0.5671641791044776,11.0,6.0,21.0,0.2894736842105263,0.15789473684210525,0.5526315789473685
60,Bradley Klahn,1,0,0.0,0.0,0.0,0.0,,,
61,Brandon Holt,3,1,0.3333333333333333,0.0,0.0,1.0,0.0,0.0,1.0
62,Brandon Nakashima,58,35,0.603448275862069,3.0,6.0,26.0,0.08571428571428572,0.17142857142857143,0.7428571428571429
63,Brayden Schnur,1,0,0.0,0.0,0.0,0.0,,,
64,Bu Yunchaokete,1,0,0.0,0.0,0.0,0.0,,,
65,Caleb Chakravarthi,1,0,0.0,0.0,0.0,0.0,,,
66,Cameron Norrie,76,49,0.6447368421052632,11.0,6.0,32.0,0.22448979591836735,0.12244897959183673,0.6530612244897959
67,Camilo Ugo Carabelli,2,1,0.5,1.0,0.0,0.0,1.0,0.0,0.0
68,Carlos Alcaraz,70,57,0.8142857142857143,27.0,3.0,27.0,0.47368421052631576,0.05263157894736842,0.47368421052631576
69,Carlos Gimeno Valero,1,0,0.0,0.0,0.0,0.0,,,
70,Carlos Taberner,16,5,0.3125,5.0,0.0,0.0,1.0,0.0,0.0
71,Casper Ruud,73,51,0.6986301369863014,25.0,1.0,25.0,0.49019607843137253,0.0196078431372549,0.49019607843137253
72,Cayetano March,1,0,0.0,0.0,0.0,0.0,,,
73,Cedrik Marcel Stebe,2,1,0.5,0.0,0.0,1.0,0.0,0.0,1.0
74,Cem Ilkel,5,1,0.2,0.0,0.0,1.0,0.0,0.0,1.0
75,Cesar Cruz,2,0,0.0,0.0,0.0,0.0,,,
76,Christian Harrison,3,1,0.3333333333333333,0.0,1.0,0.0,0.0,1.0,0.0
77,Christian Sigsgaard,2,0,0.0,0.0,0.0,0.0,,,
78,Christopher Eubanks,10,4,0.4,0.0,1.0,3.0,0.0,0.25,0.75
79,Christopher Oconnell,18,6,0.3333333333333333,1.0,0.0,5.0,0.16666666666666666,0.0,0.8333333333333334
80,Chun Hsin Tseng,14,3,0.21428571428571427,0.0,0.0,3.0,0.0,0.0,1.0
81,Coleman Wong,3,2,0.6666666666666666,0.0,0.0,2.0,0.0,0.0,1.0
82,Constant Lestienne,11,7,0.6363636363636364,0.0,0.0,7.0,0.0,0.0,1.0
83,Corentin Moutet,25,14,0.56,2.0,0.0,12.0,0.14285714285714285,0.0,0.8571428571428571
84,Cristian Garin,41,18,0.43902439024390244,9.0,4.0,5.0,0.5,0.2222222222222222,0.2777777777777778
85,Damir Dzumhur,7,3,0.42857142857142855,1.0,0.0,2.0,0.3333333333333333,0.0,0.6666666666666666
86,Daniel Altmaier,26,5,0.19230769230769232,1.0,2.0,2.0,0.2,0.4,0.4
87,Daniel Cukierman,1,0,0.0,0.0,0.0,0.0,,,
88,Daniel Dutra Da Silva,1,0,0.0,0.0,0.0,0.0,,,
89,Daniel Elahi Galan,26,14,0.5384615384615384,5.0,2.0,7.0,0.35714285714285715,0.14285714285714285,0.5
90,Daniel Evans,58,31,0.5344827586206896,4.0,1.0,26.0,0.12903225806451613,0.03225806451612903,0.8387096774193549
91,Daniels Tens,1,0,0.0,0.0,0.0,0.0,,,
92,Daniil Medvedev,64,45,0.703125,3.0,8.0,34.0,0.06666666666666667,0.17777777777777778,0.7555555555555555
93,Darian King,2,2,1.0,0.0,0.0,2.0,0.0,0.0,1.0
94,David Goffin,53,27,0.5094339622641509,12.0,4.0,11.0,0.4444444444444444,0.14814814814814814,0.4074074074074074
95,Delmas Ntcha,1,0,0.0,0.0,0.0,0.0,,,
96,Denis Istomin,3,1,0.3333333333333333,0.0,0.0,1.0,0.0,0.0,1.0
97,Denis Kudla,22,6,0.2727272727272727,0.0,1.0,5.0,0.0,0.16666666666666666,0.8333333333333334
98,Denis Shapovalov,60,34,0.5666666666666667,4.0,1.0,29.0,0.11764705882352941,0.029411764705882353,0.8529411764705882
99,Dennis Novak,7,2,0.2857142857142857,0.0,1.0,1.0,0.0,0.5,0.5
100,Diego Fernandez Flores,1,1,1.0,1.0,0.0,0.0,1.0,0.0,0.0
101,Diego Schwartzman,57,31,0.543859649122807,21.0,1.0,9.0,0.6774193548387096,0.03225806451612903,0.2903225806451613
102,Dimitar Kuzmanov,2,1,0.5,1.0,0.0,0.0,1.0,0.0,0.0
103,Dino Prizmic,1,0,0.0,0.0,0.0,0.0,,,
104,Dmitry Popko,1,0,0.0,0.0,0.0,0.0,,,
105,Dominic Stricker,12,7,0.5833333333333334,1.0,1.0,5.0,0.14285714285714285,0.14285714285714285,0.7142857142857143
106,Dominic Thiem,34,18,0.5294117647058824,7.0,0.0,11.0,0.3888888888888889,0.0,0.6111111111111112
107,Dominik Koepfer,12,3,0.25,0.0,0.0,3.0,0.0,0.0,1.0
108,Dragos Nicolae Madaras,3,0,0.0,0.0,0.0,0.0,,,
109,Duje Ajdukovic,1,0,0.0,0.0,0.0,0.0,,,
110,Dusan Lajovic,34,11,0.3235294117647059,6.0,1.0,4.0,0.5454545454545454,0.09090909090909091,0.36363636363636365
111,Edan Leshem,4,1,0.25,0.0,0.0,1.0,0.0,0.0,1.0
112,Edas Butvilas,2,0,0.0,0.0,0.0,0.0,,,
113,Eero Vasa,1,1,1.0,0.0,0.0,1.0,0.0,0.0,1.0
114,Egor Gerasimov,12,4,0.3333333333333333,2.0,0.0,2.0,0.5,0.0,0.5
115,Elias Ymer,20,12,0.6,3.0,0.0,9.0,0.25,0.0,0.75
116,Elliot Benchetrit,1,0,0.0,0.0,0.0,0.0,,,
117,Elmer Moller,2,1,0.5,0.0,0.0,1.0,0.0,0.0,1.0
118,Emil Ruusuvuori,64,35,0.546875,7.0,4.0,24.0,0.2,0.11428571428571428,0.6857142857142857
119,Emilio Gomez,7,2,0.2857142857142857,0.0,0.0,2.0,0.0,0.0,1.0
120,Emilio Nava,5,1,0.2,0.0,0.0,1.0,0.0,0.0,1.0
121,Enzo Couacaud,2,0,0.0,0.0,0.0,0.0,,,
122,Ernesto Escobedo,2,0,0.0,0.0,0.0,0.0,,,
123,Evan Furness,1,0,0.0,0.0,0.0,0.0,,,
124,Fabio Fognini,43,19,0.4418604651162791,11.0,0.0,8.0,0.5789473684210527,0.0,0.42105263157894735
125,Facundo Bagnis,22,7,0.3181818181818182,4.0,0.0,3.0,0.5714285714285714,0.0,0.42857142857142855
126,Facundo Mena,1,0,0.0,0.0,0.0,0.0,,,
127,Federico Coria,33,15,0.45454545454545453,13.0,0.0,2.0,0.8666666666666667,0.0,0.13333333333333333
128,Federico Delbonis,32,10,0.3125,8.0,0.0,2.0,0.8,0.0,0.2
129,Federico Gaio,1,0,0.0,0.0,0.0,0.0,,,
130,Federico Zeballos,1,0,0.0,0.0,0.0,0.0,,,
131,Feliciano Lopez,11,0,0.0,0.0,0.0,0.0,,,
132,Felipe Meligeni Alves,2,0,0.0,0.0,0.0,0.0,,,
133,Felix Auger Aliassime,87,60,0.6896551724137931,11.0,4.0,45.0,0.18333333333333332,0.06666666666666667,0.75
134,Fernando Verdasco,16,5,0.3125,4.0,0.0,1.0,0.8,0.0,0.2
135,Filip Horansky,2,1,0.5,0.0,0.0,1.0,0.0,0.0,1.0
136,Filip Krajinovic,36,19,0.5277777777777778,6.0,5.0,8.0,0.3157894736842105,0.2631578947368421,0.42105263157894735
137,Filip Misolic,7,5,0.7142857142857143,5.0,0.0,0.0,1.0,0.0,0.0
138,Fitriadi M Rifqi,1,0,0.0,0.0,0.0,0.0,,,
139,Flavio Cobolli,3,0,0.0,0.0,0.0,0.0,,,
140,Frances Tiafoe,60,35,0.5833333333333334,8.0,3.0,24.0,0.22857142857142856,0.08571428571428572,0.6857142857142857
141,Francesco Maestrelli,1,0,0.0,0.0,0.0,0.0,,,
142,Francesco Passaro,7,2,0.2857142857142857,0.0,0.0,2.0,0.0,0.0,1.0
143,Francisco Cerundolo,45,23,0.5111111111111111,14.0,1.0,8.0,0.6086956521739131,0.043478260869565216,0.34782608695652173
144,Franco Agamenone,5,3,0.6,3.0,0.0,0.0,1.0,0.0,0.0
145,Gabi Adrian Boitan,1,0,0.0,0.0,0.0,0.0,,,
146,Gabriel Diallo,1,0,0.0,0.0,0.0,0.0,,,
147,Gael Monfils,21,14,0.6666666666666666,1.0,0.0,13.0,0.07142857142857142,0.0,0.9285714285714286
148,Geoffrey Blancaneaux,3,0,0.0,0.0,0.0,0.0,,,
149,Gerald Melzer,1,0,0.0,0.0,0.0,0.0,,,
150,Gerardo Lopez Villasenor,1,0,0.0,0.0,0.0,0.0,,,
151,Gian Marco Moroni,2,0,0.0,0.0,0.0,0.0,,,
152,Gianluca Mager,6,2,0.3333333333333333,0.0,0.0,2.0,0.0,0.0,1.0
153,Gijs Brouwer,5,3,0.6,2.0,0.0,1.0,0.6666666666666666,0.0,0.3333333333333333
154,Gilles Arnaud Bailly,1,0,0.0,0.0,0.0,0.0,,,
155,Gilles Simon,15,7,0.4666666666666667,2.0,1.0,4.0,0.2857142857142857,0.14285714285714285,0.5714285714285714
156,Giulio Zeppieri,7,3,0.42857142857142855,3.0,0.0,0.0,1.0,0.0,0.0
157,Gonzalo Lama,1,0,0.0,0.0,0.0,0.0,,,
158,Gonzalo Villanueva,1,0,0.0,0.0,0.0,0.0,,,
159,Gregoire Barrere,5,2,0.4,1.0,0.0,1.0,0.5,0.0,0.5
160,Grigor Dimitrov,48,26,0.5416666666666666,10.0,1.0,15.0,0.38461538461538464,0.038461538461538464,0.5769230769230769
161,Hady Habib,2,2,1.0,0.0,0.0,2.0,0.0,0.0,1.0
162,Hamad Medjedovic,2,0,0.0,0.0,0.0,0.0,,,
163,Henri Laaksonen,18,3,0.16666666666666666,1.0,0.0,2.0,0.3333333333333333,0.0,0.6666666666666666
164,Henri Squire,1,0,0.0,0.0,0.0,0.0,,,
165,Hernan Casanova,1,0,0.0,0.0,0.0,0.0,,,
166,Hiroki Moriya,3,1,0.3333333333333333,0.0,0.0,1.0,0.0,0.0,1.0
167,Holger Rune,64,40,0.625,14.0,0.0,26.0,0.35,0.0,0.65
168,Hong Kit Jack Wong,2,1,0.5,0.0,0.0,1.0,0.0,0.0,1.0
169,Hubert Hurkacz,62,41,0.6612903225806451,9.0,5.0,27.0,0.21951219512195122,0.12195121951219512,0.6585365853658537
170,Hugo Dellien,14,4,0.2857142857142857,4.0,0.0,0.0,1.0,0.0,0.0
171,Hugo Gaston,28,10,0.35714285714285715,4.0,3.0,3.0,0.4,0.3,0.3
172,Hugo Grenier,8,2,0.25,0.0,1.0,1.0,0.0,0.5,0.5
173,Hugo Nys,1,0,0.0,0.0,0.0,0.0,,,
174,Ignacio Carou,2,0,0.0,0.0,0.0,0.0,,,
175,Illia Biloborodko,1,0,0.0,0.0,0.0,0.0,,,
176,Ilya Ivashka,43,22,0.5116279069767442,5.0,4.0,13.0,0.22727272727272727,0.18181818181818182,0.5909090909090909
177,Isaac Becroft,1,0,0.0,0.0,0.0,0.0,,,
178,Ivan Gakhov,1,0,0.0,0.0,0.0,0.0,,,
179,J J Wolf,28,15,0.5357142857142857,1.0,0.0,14.0,0.06666666666666667,0.0,0.9333333333333333
180,Jack Draper,33,19,0.5757575757575758,1.0,5.0,13.0,0.05263157894736842,0.2631578947368421,0.6842105263157895
181,Jack Sock,18,7,0.3888888888888889,0.0,3.0,4.0,0.0,0.42857142857142855,0.5714285714285714
182,James Duckworth,22,7,0.3181818181818182,0.0,2.0,5.0,0.0,0.2857142857142857,0.7142857142857143
183,Jan Lennard Struff,21,8,0.38095238095238093,0.0,1.0,7.0,0.0,0.125,0.875
184,Jan Zielinski,1,0,0.0,0.0,0.0,0.0,,,
185,Jannik Sinner,64,47,0.734375,15.0,4.0,28.0,0.3191489361702128,0.0851063829787234,0.5957446808510638
186,Jason Jung,1,0,0.0,0.0,0.0,0.0,,,
187,Jason Kubler,20,11,0.55,1.0,6.0,4.0,0.09090909090909091,0.5454545454545454,0.36363636363636365
188,Jaume Munar,43,19,0.4418604651162791,9.0,1.0,9.0,0.47368421052631576,0.05263157894736842,0.47368421052631576
189,Jay Clarke,3,0,0.0,0.0,0.0,0.0,,,
190,Jenson Brooksby,47,25,0.5319148936170213,2.0,3.0,20.0,0.08,0.12,0.8
191,Jesper De Jong,2,0,0.0,0.0,0.0,0.0,,,
192,Ji Sung Nam,2,0,0.0,0.0,0.0,0.0,,,
193,Jiri Lehecka,32,13,0.40625,4.0,0.0,9.0,0.3076923076923077,0.0,0.6923076923076923
194,Jiri Vesely,20,8,0.4,0.0,3.0,5.0,0.0,0.375,0.625
195,Jo-Wilfried Tsonga,9,2,0.2222222222222222,0.0,0.0,2.0,0.0,0.0,1.0
196,Joao Sousa,35,15,0.42857142857142855,7.0,0.0,8.0,0.4666666666666667,0.0,0.5333333333333333
197,Johan Nikles,2,1,0.5,1.0,0.0,0.0,1.0,0.0,0.0
198,Johannes Ingildsen,2,1,0.5,0.0,0.0,1.0,0.0,0.0,1.0
199,John Isner,41,23,0.5609756097560976,7.0,4.0,12.0,0.30434782608695654,0.17391304347826086,0.5217391304347826
200,John Millman,26,9,0.34615384615384615,1.0,1.0,7.0,0.1111111111111111,0.1111111111111111,0.7777777777777778
201,Jordan Thompson,28,11,0.39285714285714285,1.0,1.0,9.0,0.09090909090909091,0.09090909090909091,0.8181818181818182
202,Jozef Kovalik,4,1,0.25,1.0,0.0,0.0,1.0,0.0,0.0
203,Juan Alejandro Hernandez Serrano,3,1,0.3333333333333333,0.0,0.0,1.0,0.0,0.0,1.0
204,Juan Ignacio Londero,9,4,0.4444444444444444,4.0,0.0,0.0,1.0,0.0,0.0
205,Juan Manuel Cerundolo,8,3,0.375,0.0,0.0,3.0,0.0,0.0,1.0
206,Juan Martin del Potro,1,0,0.0,0.0,0.0,0.0,,,
207,Juan Pablo Ficovich,2,1,0.5,1.0,0.0,0.0,1.0,0.0,0.0
208,Juan Pablo Varillas,12,6,0.5,6.0,0.0,0.0,1.0,0.0,0.0
209,Juncheng Shang,3,0,0.0,0.0,0.0,0.0,,,
210,Jurij Rodionov,9,4,0.4444444444444444,3.0,0.0,1.0,0.75,0.0,0.25
211,Kacper Zuk,1,0,0.0,0.0,0.0,0.0,,,
212,Kaichi Uchida,4,1,0.25,0.0,0.0,1.0,0.0,0.0,1.0
213,Kaipo Marshall,1,0,0.0,0.0,0.0,0.0,,,
214,Kamil Majchrzak,31,17,0.5483870967741935,2.0,1.0,14.0,0.11764705882352941,0.058823529411764705,0.8235294117647058
215,Karen Khachanov,62,37,0.5967741935483871,10.0,4.0,23.0,0.2702702702702703,0.10810810810810811,0.6216216216216216
216,Karim Mohamed Maamoun,1,0,0.0,0.0,0.0,0.0,,,
217,Karlis Ozolins,2,1,0.5,0.0,0.0,1.0,0.0,0.0,1.0
218,Kasidit Samrej,2,2,1.0,0.0,0.0,2.0,0.0,0.0,1.0
219,Kevin Anderson,6,1,0.16666666666666666,0.0,0.0,1.0,0.0,0.0,1.0
220,Ki Lung Ng,1,0,0.0,0.0,0.0,0.0,,,
221,Kiranpal Pannu,2,0,0.0,0.0,0.0,0.0,,,
222,Kristjan Tamm,1,0,0.0,0.0,0.0,0.0,,,
223,Kyle Edmund,5,2,0.4,0.0,0.0,2.0,0.0,0.0,1.0
224,Laslo Djere,46,21,0.45652173913043476,10.0,1.0,10.0,0.47619047619047616,0.047619047619047616,0.47619047619047616
225,Laurynas Grigelis,1,0,0.0,0.0,0.0,0.0,,,
226,Leandro Riedi,1,0,0.0,0.0,0.0,0.0,,,
227,Learner Tien,1,0,0.0,0.0,0.0,0.0,,,
228,Leo Borg,1,0,0.0,0.0,0.0,0.0,,,
229,Liam Broady,13,5,0.38461538461538464,0.0,2.0,3.0,0.0,0.4,0.6
230,Lleyton Cronje,1,0,0.0,0.0,0.0,0.0,,,
231,Lloyd Harris,19,6,0.3157894736842105,2.0,0.0,4.0,0.3333333333333333,0.0,0.6666666666666666
232,Lorenzo Musetti,63,34,0.5396825396825397,14.0,0.0,20.0,0.4117647058823529,0.0,0.5882352941176471
233,Lorenzo Sonego,55,26,0.4727272727272727,8.0,5.0,13.0,0.3076923076923077,0.19230769230769232,0.5
234,Luca Nardi,5,1,0.2,0.0,0.0,1.0,0.0,0.0,1.0
235,Luca Van Assche,1,0,0.0,0.0,0.0,0.0,,,
236,Lucas Catarina,2,0,0.0,0.0,0.0,0.0,,,
237,Lucas Pouille,9,3,0.3333333333333333,1.0,0.0,2.0,0.3333333333333333,0.0,0.6666666666666666
238,Lucky Candra Kurniawan,1,0,0.0,0.0,0.0,0.0,,,
239,Luis Carlos Alvarez Valdes,1,1,1.0,1.0,0.0,0.0,1.0,0.0,0.0
240,Lukas Hellum Lilleengen,1,0,0.0,0.0,0.0,0.0,,,
241,Lukas Klein,1,0,0.0,0.0,0.0,0.0,,,
242,Lukas Rosol,2,0,0.0,0.0,0.0,0.0,,,
243,Mackenzie Mcdonald,54,26,0.48148148148148145,3.0,3.0,20.0,0.11538461538461539,0.11538461538461539,0.7692307692307693
244,Malek Jaziri,4,1,0.25,1.0,0.0,0.0,1.0,0.0,0.0
245,Manuel Guinard,9,4,0.4444444444444444,2.0,0.0,2.0,0.5,0.0,0.5
246,Marc Andrea Huesler,23,11,0.4782608695652174,1.0,0.0,10.0,0.09090909090909091,0.0,0.9090909090909091
247,Marcelo Arevalo,2,2,1.0,0.0,0.0,2.0,0.0,0.0,1.0
248,Marco Cecchinato,11,4,0.36363636363636365,4.0,0.0,0.0,1.0,0.0,0.0
249,Marco Trungelliti,2,0,0.0,0.0,0.0,0.0,,,
250,Marcos Giron,46,18,0.391304347826087,2.0,3.0,13.0,0.1111111111111111,0.16666666666666666,0.7222222222222222
251,Marin Cilic,54,33,0.6111111111111112,9.0,3.0,21.0,0.2727272727272727,0.09090909090909091,0.6363636363636364
252,Marius Copil,4,0,0.0,0.0,0.0,0.0,,,
253,Mark Lajal,2,0,0.0,0.0,0.0,0.0,,,
254,Marko Topo,2,0,0.0,0.0,0.0,0.0,,,
255,Martin Cuevas,2,1,0.5,1.0,0.0,0.0,1.0,0.0,0.0
256,Martin Landaluce,1,0,0.0,0.0,0.0,0.0,,,
257,Marton Fucsovics,35,16,0.45714285714285713,4.0,2.0,10.0,0.25,0.125,0.625
258,Matheus Pucinelli De Almeida,2,1,0.5,1.0,0.0,0.0,1.0,0.0,0.0
259,Matic Kriznik,1,1,1.0,1.0,0.0,0.0,1.0,0.0,0.0
260,Matteo Arnaldi,4,0,0.0,0.0,0.0,0.0,,,
261,Matteo Berrettini,44,32,0.7272727272727273,4.0,9.0,19.0,0.125,0.28125,0.59375
262,Matthew Ebden,1,0,0.0,0.0,0.0,0.0,,,
263,Matthew Foster Estwick,1,0,0.0,0.0,0.0,0.0,,,
264,Max Hans Rehberg,2,0,0.0,0.0,0.0,0.0,,,
265,Max Purcell,8,2,0.25,0.0,1.0,1.0,0.0,0.5,0.5
266,Maxime Cressy,53,26,0.49056603773584906,1.0,9.0,16.0,0.038461538461538464,0.34615384615384615,0.6153846153846154
267,Maximilian Marterer,4,1,0.25,0.0,1.0,0.0,0.0,1.0,0.0
268,Menelaos Efstathiou,1,0,0.0,0.0,0.0,0.0,,,
269,Michael Bassem Sobhy,1,0,0.0,0.0,0.0,0.0,,,
270,Michael Geerts,2,0,0.0,0.0,0.0,0.0,,,
271,Michael Mmoh,5,1,0.2,1.0,0.0,0.0,1.0,0.0,0.0
272,Michail Pervolarakis,6,2,0.3333333333333333,0.0,0.0,2.0,0.0,0.0,1.0
273,Mikael Torpegaard,1,0,0.0,0.0,0.0,0.0,,,
274,Mikael Ymer,42,23,0.5476190476190477,2.0,1.0,20.0,0.08695652173913043,0.043478260869565216,0.8695652173913043
275,Mikhail Kukushkin,11,1,0.09090909090909091,0.0,0.0,1.0,0.0,0.0,1.0
276,Mili Poljicak,1,0,0.0,0.0,0.0,0.0,,,
277,Miomir Kecmanovic,64,38,0.59375,13.0,2.0,23.0,0.34210526315789475,0.05263157894736842,0.6052631578947368
278,Mirza Basic,3,1,0.3333333333333333,1.0,0.0,0.0,1.0,0.0,0.0
279,Mitchell Krueger,10,4,0.4,1.0,1.0,2.0,0.25,0.25,0.5
280,Mohamed Safwat,4,3,0.75,2.0,0.0,1.0,0.6666666666666666,0.0,0.3333333333333333
281,Muhammad Shoaib,2,0,0.0,0.0,0.0,0.0,,,
282,Murkel Alejandro Dellien Velasco,2,0,0.0,0.0,0.0,0.0,,,
283,Muzammil Murtaza,2,0,0.0,0.0,0.0,0.0,,,
284,Nathan Anthony Barki,1,0,0.0,0.0,0.0,0.0,,,
285,Nerman Fatic,1,1,1.0,1.0,0.0,0.0,1.0,0.0,0.0
286,Nicholas David Ionel,2,1,0.5,1.0,0.0,0.0,1.0,0.0,0.0
287,Nick Chappell,1,0,0.0,0.0,0.0,0.0,,,
288,Nick Hardt,2,1,0.5,0.0,0.0,1.0,0.0,0.0,1.0
289,Nick Kyrgios,52,40,0.7692307692307693,3.0,13.0,24.0,0.075,0.325,0.6
290,Nicola Kuhn,2,0,0.0,0.0,0.0,0.0,,,
291,Nicolas Alvarez,2,0,0.0,0.0,0.0,0.0,,,
292,Nicolas Alvarez Varona,3,1,0.3333333333333333,0.0,0.0,1.0,0.0,0.0,1.0
293,Nicolas Barrientos,2,1,0.5,1.0,0.0,0.0,1.0,0.0,0.0
294,Nicolas Jarry,14,5,0.35714285714285715,4.0,0.0,1.0,0.8,0.0,0.2
295,Nicolas Kicker,1,0,0.0,0.0,0.0,0.0,,,
296,Nicolas Mejia,3,1,0.3333333333333333,1.0,0.0,0.0,1.0,0.0,0.0
297,Nikola Milojevic,3,1,0.3333333333333333,1.0,0.0,0.0,1.0,0.0,0.0
298,Nikoloz Basilashvili,44,15,0.3409090909090909,5.0,4.0,6.0,0.3333333333333333,0.26666666666666666,0.4
299,Norbert Gombos,11,2,0.18181818181818182,1.0,0.0,1.0,0.5,0.0,0.5
300,Novak Djokovic,50,43,0.86,15.0,7.0,21.0,0.3488372093023256,0.16279069767441862,0.4883720930232558
301,Nuno Borges,11,5,0.45454545454545453,1.0,0.0,4.0,0.2,0.0,0.8
302,Olaf Pieczkowski,2,2,1.0,0.0,0.0,2.0,0.0,0.0,1.0
303,Oscar Otte,46,20,0.43478260869565216,6.0,8.0,6.0,0.3,0.4,0.3
304,Osgar Ohoisin,2,1,0.5,0.0,0.0,1.0,0.0,0.0,1.0
305,Otto Virtanen,3,1,0.3333333333333333,0.0,0.0,1.0,0.0,0.0,1.0
306,Pablo Andujar,22,9,0.4090909090909091,5.0,0.0,4.0,0.5555555555555556,0.0,0.4444444444444444
307,Pablo Carreno Busta,62,37,0.5967741935483871,11.0,2.0,24.0,0.2972972972972973,0.05405405405405406,0.6486486486486487
308,Pablo Cuevas,9,3,0.3333333333333333,3.0,0.0,0.0,1.0,0.0,0.0
309,Paul Jubb,2,0,0.0,0.0,0.0,0.0,,,
310,Pavel Kotov,6,2,0.3333333333333333,1.0,0.0,1.0,0.5,0.0,0.5
311,Pedro Cachin,11,5,0.45454545454545453,1.0,0.0,4.0,0.2,0.0,0.8
312,Pedro Martinez,45,20,0.4444444444444444,12.0,1.0,7.0,0.6,0.05,0.35
313,Pedro Sousa,1,0,0.0,0.0,0.0,0.0,,,
314,Peter Bertran,2,1,0.5,0.0,0.0,1.0,0.0,0.0,1.0
315,Peter Gojowczyk,18,4,0.2222222222222222,0.0,1.0,3.0,0.0,0.25,0.75
316,Petros Chrysochos,2,1,0.5,1.0,0.0,0.0,1.0,0.0,0.0
317,Petros Tsitsipas,2,1,0.5,1.0,0.0,0.0,1.0,0.0,0.0
318,Philip Henning,1,0,0.0,0.0,0.0,0.0,,,
319,Philipp Kohlschreiber,4,1,0.25,0.0,0.0,1.0,0.0,0.0,1.0
320,Pierre Hugues Herbert,5,2,0.4,0.0,0.0,2.0,0.0,0.0,1.0
321,Prajnesh Gunneswaran,2,0,0.0,0.0,0.0,0.0,,,
322,Quentin Halys,14,3,0.21428571428571427,0.0,2.0,1.0,0.0,0.6666666666666666,0.3333333333333333
323,Radu Albot,19,9,0.47368421052631576,0.0,1.0,8.0,0.0,0.1111111111111111,0.8888888888888888
324,Rafael Nadal,49,40,0.8163265306122449,10.0,5.0,25.0,0.25,0.125,0.625
325,Ramkumar Ramanathan,6,2,0.3333333333333333,0.0,2.0,0.0,0.0,1.0,0.0
326,Reilly Opelka,36,21,0.5833333333333334,6.0,1.0,14.0,0.2857142857142857,0.047619047619047616,0.6666666666666666
327,Renzo Olivo,1,0,0.0,0.0,0.0,0.0,,,
328,Ricardas Berankis,21,11,0.5238095238095238,0.0,3.0,8.0,0.0,0.2727272727272727,0.7272727272727273
329,Richard Gasquet,45,26,0.5777777777777777,9.0,2.0,15.0,0.34615384615384615,0.07692307692307693,0.5769230769230769
330,Rigele Te,1,1,1.0,1.0,0.0,0.0,1.0,0.0,0.0
331,Rinky Hijikata,4,1,0.25,0.0,0.0,1.0,0.0,0.0,1.0
332,Rio Noguchi,2,1,0.5,0.0,0.0,1.0,0.0,0.0,1.0
333,Robert Strombachs,1,1,1.0,0.0,0.0,1.0,0.0,0.0,1.0
334,Roberto Bautista Agut,61,40,0.6557377049180327,7.0,7.0,26.0,0.175,0.175,0.65
335,Roberto Carballes Baena,29,11,0.3793103448275862,7.0,0.0,4.0,0.6363636363636364,0.0,0.36363636363636365
336,Roberto Quiroz,3,0,0.0,0.0,0.0,0.0,,,
337,Robin Haase,2,1,0.5,1.0,0.0,0.0,1.0,0.0,0.0
338,Rodrigo Pacheco Mendez,1,0,0.0,0.0,0.0,0.0,,,
339,Roman Safiullin,16,9,0.5625,1.0,0.0,8.0,0.1111111111111111,0.0,0.8888888888888888
340,Rowland Phillips,2,1,0.5,1.0,0.0,0.0,1.0,0.0,0.0
341,Ryan Peniston,9,5,0.5555555555555556,0.0,5.0,0.0,0.0,1.0,0.0
342,Salvatore Caruso,1,0,0.0,0.0,0.0,0.0,,,
343,Sam Querrey,14,4,0.2857142857142857,1.0,2.0,1.0,0.25,0.5,0.25
344,Sanjar Fayziev,2,1,0.5,0.0,0.0,1.0,0.0,0.0,1.0
345,Santiago Fa Rodriguez Taverna,1,0,0.0,0.0,0.0,0.0,,,
346,Sebastian Baez,56,26,0.4642857142857143,21.0,2.0,3.0,0.8076923076923077,0.07692307692307693,0.11538461538461539
347,Sebastian Dominko,1,0,0.0,0.0,0.0,0.0,,,
348,Sebastian Korda,56,34,0.6071428571428571,8.0,1.0,25.0,0.23529411764705882,0.029411764705882353,0.7352941176470589
349,Sebastian Ofner,3,1,0.3333333333333333,1.0,0.0,0.0,1.0,0.0,0.0
350,Seong Chan Hong,4,0,0.0,0.0,0.0,0.0,,,
351,Sergey Fomin,4,2,0.5,0.0,0.0,2.0,0.0,0.0,1.0
352,Shintaro Mochizuki,4,0,0.0,0.0,0.0,0.0,,,
353,Sho Shimabukuro,3,1,0.3333333333333333,0.0,0.0,1.0,0.0,0.0,1.0
354,Simon Carr,2,1,0.5,0.0,0.0,1.0,0.0,0.0,1.0
355,Skander Mansouri,2,0,0.0,0.0,0.0,0.0,,,
356,Soon Woo Kwon,44,20,0.45454545454545453,3.0,0.0,17.0,0.15,0.0,0.85
357,Stan Wawrinka,22,8,0.36363636363636365,2.0,1.0,5.0,0.25,0.125,0.625
358,Stefan Kozlov,12,4,0.3333333333333333,0.0,0.0,4.0,0.0,0.0,1.0
359,Stefano Travaglia,9,3,0.3333333333333333,0.0,0.0,3.0,0.0,0.0,1.0
360,Stefanos Tsitsipas,85,61,0.7176470588235294,17.0,8.0,36.0,0.2786885245901639,0.13114754098360656,0.5901639344262295
361,Steve Johnson,34,17,0.5,2.0,4.0,11.0,0.11764705882352941,0.23529411764705882,0.6470588235294118
362,Steven Diez,3,0,0.0,0.0,0.0,0.0,,,
363,Stylianos Christodoulou,1,0,0.0,0.0,0.0,0.0,,,
364,Sumit Nagal,1,1,1.0,0.0,0.0,1.0,0.0,0.0,1.0
365,Sylvestre Monnou,1,1,1.0,0.0,0.0,1.0,0.0,0.0,1.0
366,Tallon Griekspoor,43,17,0.3953488372093023,5.0,5.0,7.0,0.29411764705882354,0.29411764705882354,0.4117647058823529
367,Taro Daniel,32,13,0.40625,2.0,0.0,11.0,0.15384615384615385,0.0,0.8461538461538461
368,Taylor Fritz,68,47,0.6911764705882353,5.0,8.0,34.0,0.10638297872340426,0.1702127659574468,0.723404255319149
369,Tegar Abdi Satrio Wibowo,1,0,0.0,0.0,0.0,0.0,,,
370,Tennys Sandgren,3,0,0.0,0.0,0.0,0.0,,,
371,Thanasi Kokkinakis,34,17,0.5,2.0,1.0,14.0,0.11764705882352941,0.058823529411764705,0.8235294117647058
372,Thiago Monteiro,36,15,0.4166666666666667,7.0,1.0,7.0,0.4666666666666667,0.06666666666666667,0.4666666666666667
373,Thiago Seyboth Wild,3,1,0.3333333333333333,1.0,0.0,0.0,1.0,0.0,0.0
374,Thomas Fabbiano,1,0,0.0,0.0,0.0,0.0,,,
375,Tim Van Rijthoven,15,9,0.6,0.0,8.0,1.0,0.0,0.8888888888888888,0.1111111111111111
376,Timofey Skatov,1,0,0.0,0.0,0.0,0.0,,,
377,Tomas Barrios Vera,1,0,0.0,0.0,0.0,0.0,,,
378,Tomas Machac,9,4,0.4444444444444444,0.0,0.0,4.0,0.0,0.0,1.0
379,Tomas Martin Etcheverry,17,3,0.17647058823529413,1.0,0.0,2.0,0.3333333333333333,0.0,0.6666666666666666
380,Tommy Paul,66,39,0.5909090909090909,2.0,7.0,30.0,0.05128205128205128,0.1794871794871795,0.7692307692307693
381,Tommy Robredo,1,0,0.0,0.0,0.0,0.0,,,
382,Tung Lin Wu,4,2,0.5,0.0,0.0,2.0,0.0,0.0,1.0
383,Ugo Humbert,30,9,0.3,2.0,3.0,4.0,0.2222222222222222,0.3333333333333333,0.4444444444444444
384,Valentin Vacherot,2,1,0.5,0.0,0.0,1.0,0.0,0.0,1.0
385,Vasek Pospisil,9,5,0.5555555555555556,0.0,0.0,5.0,0.0,0.0,1.0
386,Viacheslav Bielinskyi,1,0,0.0,0.0,0.0,0.0,,,
387,Viktor Durasovic,6,1,0.16666666666666666,0.0,0.0,1.0,0.0,0.0,1.0
388,Vit Kopriva,6,2,0.3333333333333333,1.0,0.0,1.0,0.5,0.0,0.5
389,Vitaliy Sachko,1,0,0.0,0.0,0.0,0.0,,,
390,Vladyslav Orlov,1,0,0.0,0.0,0.0,0.0,,,
391,William Blumberg,1,0,0.0,0.0,0.0,0.0,,,
392,Yanki Erel,1,0,0.0,0.0,0.0,0.0,,,
393,Yannick Hanfmann,14,7,0.5,6.0,0.0,1.0,0.8571428571428571,0.0,0.14285714285714285
394,Yasutaka Uchiyama,1,0,0.0,0.0,0.0,0.0,,,
395,Yibing Wu,3,2,0.6666666666666666,0.0,0.0,2.0,0.0,0.0,1.0
396,Yoshihito Nishioka,36,19,0.5277777777777778,0.0,0.0,19.0,0.0,0.0,1.0
397,Yosuke Watanuki,7,3,0.42857142857142855,2.0,0.0,1.0,0.6666666666666666,0.0,0.3333333333333333
398,Yshai Oliel,1,0,0.0,0.0,0.0,0.0,,,
399,Yuki Bhambri,3,2,0.6666666666666666,0.0,1.0,1.0,0.0,0.5,0.5
400,Yunseong Chung,1,0,0.0,0.0,0.0,0.0,,,
401,Yuta Shimizu,1,0,0.0,0.0,0.0,0.0,,,
402,Yuttana Charoenphon,1,1,1.0,0.0,0.0,1.0,0.0,0.0,1.0
403,Zachary Svajda,1,0,0.0,0.0,0.0,0.0,,,
404,Zdenek Kolar,3,1,0.3333333333333333,1.0,0.0,0.0,1.0,0.0,0.0
405,Zhizhen Zhang,9,5,0.5555555555555556,2.0,0.0,3.0,0.4,0.0,0.6
406,Zizou Bergs,7,1,0.14285714285714285,0.0,0.0,1.0,0.0,0.0,1.0
407,Zsombor Piros,3,1,0.3333333333333333,0.0,0.0,1.0,0.0,0.0,1.0
